4294967294,0
4294967278,132
4294967278,131
4294967278,130
4294967278,129
4294967278,128
4294967278,127
4294967278,126
4294967278,125
4294967278,124
4294967278,123
4294967278,122
4294967278,121
4294967278,120
4294967278,119
4294967278,118
4294967278,117
4294967278,116
4294967278,115
4294967278,114
4294967278,113
4294967278,112
4294967278,111
4294967278,110
4294967278,109
4294967278,108
4294967278,107
4294967278,106
4294967278,105
4294967278,104
4294967278,103
4294967278,102
4294967278,101
4294967278,100
4294967278,99
4294967278,357
4294967278,98
4294967278,356
4294967278,97
4294967278,96
4294967278,438
4294967278,95
4294967278,94
4294967278,93
4294967278,92
4294967278,91
4294967278,397
4294967278,90
4294967278,396
4294967278,89
4294967278,87
4294967278,86
4294967278,85
4294967278,84
4294967278,83
4294967278,82
4294967278,340
4294967278,81
4294967278,339
4294967278,80
4294967278,79
4294967278,78
4294967278,77
4294967278,427
4294967278,76
4294967278,426
4294967278,75
4294967278,435
4294967278,74
4294967278,421
4294967278,73
4294967278,72
4294967278,71
4294967278,70
4294967278,328
4294967278,69
4294967278,433
4294967278,68
4294967278,67
4294967278,439
4294967278,66
4294967278,65
4294967278,422
4294967278,64
4294967278,413
4294967278,63
4294967278,62
4294967278,346
4294967279,546
4294967279,77
4294967279,522
4294967279,74
4294967279,72
4294967279,544
4294967279,69
4294967279,67
4294967279,65
4294967279,541
4294967279,62
4294967279,316
4294967279,57
4294967279,53
4294967279,535
4294967279,306
4294967279,47
4294967279,2
4294967279,350
4294967279,524
4294967279,39
4294967279,295
4294967279,35
4294967279,294
4294967279,34
4294967279,533
4294967279,27
4294967279,26
4294967279,25
4294967279,529
4294967279,23
4294967279,21
4294967279,19
4294967279,17
4294967279,520
4294967279,13
4294967279,406
4294967279,446
4294967279,8
4294967279,7
4294967279,527
4294967279,6
4294967279,514
4294967279,5
4294967279,517
4294967279,4
4294967294,1428
196,4
196,3
196,2
196,1
4294967279,552
4294967294,800
4294967278,443
195,8
195,7
195,6
195,5
195,4
195,3
195,2
195,1
4294967278,442
4294967279,550
194,9
194,8
194,7
194,6
194,5
194,4
194,3
194,2
194,1
4294967278,441
193,4
193,3
193,2
193,1
4294967294,462
192,7
192,6
192,5
192,4
192,3
192,2
192,1
4294967278,440
191,4
191,3
191,2
191,1
190,4
190,3
190,2
190,1
189,4
189,3
189,2
189,1
188,5
188,4
188,3
188,2
188,1
187,5
187,4
187,3
187,2
187,1
186,4
186,3
186,2
186,1
4294967278,418
185,5
185,4
185,3
185,2
185,1
4294967279,536
4294967279,530
184,6
184,5
184,4
184,3
184,2
184,1
4294967278,410
4294967278,409
183,6
183,5
183,4
183,3
183,2
183,1
182,4
182,3
182,2
182,1
4294967294,448
4294967278,398
4294967293,131
4294967293,130
4294967293,129
4294967293,128
4294967293,127
4294967293,126
4294967293,125
4294967293,124
4294967293,123
4294967293,122
4294967293,121
4294967293,120
4294967293,119
4294967293,118
4294967293,117
4294967293,116
4294967293,115
4294967293,114
4294967293,113
4294967293,112
4294967293,111
4294967293,110
4294967293,109
4294967293,108
4294967293,107
4294967293,106
4294967293,105
4294967293,104
4294967293,103
4294967293,102
4294967293,101
4294967293,100
4294967293,99
4294967293,98
4294967293,97
4294967293,96
4294967293,95
4294967293,94
4294967293,93
4294967293,92
4294967293,91
4294967293,90
4294967293,89
4294967293,88
4294967293,87
4294967293,86
4294967293,85
4294967293,84
4294967293,83
4294967293,82
4294967293,81
4294967293,80
4294967293,79
4294967293,78
4294967293,77
4294967293,76
4294967293,75
4294967293,74
4294967293,73
4294967293,72
4294967293,71
4294967293,70
4294967293,69
4294967293,68
4294967293,67
4294967293,66
4294967293,65
4294967293,64
4294967293,63
4294967293,62
4294967293,61
4294967293,60
4294967293,59
4294967293,58
4294967293,57
4294967293,56
4294967293,55
4294967293,54
4294967293,53
4294967293,52
4294967293,51
4294967293,50
4294967293,49
4294967293,48
4294967293,47
4294967293,46
4294967293,45
4294967293,44
4294967293,43
4294967293,42
4294967293,41
4294967293,40
4294967293,39
4294967293,38
4294967293,37
4294967293,36
4294967293,35
4294967293,34
4294967293,33
4294967293,32
4294967293,31
4294967293,30
4294967293,29
4294967293,28
4294967293,27
4294967293,26
4294967293,25
4294967293,24
4294967293,23
4294967293,22
